1111111111111111111111111111111111111111
222222222222222222222222222222222222
333333333333333333333333333333331111111111111111111111111111111111111111
222222222222222222222222222222222222
333333333333333333333333333333331111111111111111111111111111111111111111
222222222222222222222222222222222222
333333333333333333333333333333331111111111111111111111111111111111111111
222222222222222222222222222222222222
333333333333333333333333333333331111111111111111111111111111111111111111
222222222222222222222222222222222222
333333333333333333333333333333331111111111111111111111111111111111111111
222222222222222222222222222222222222
333333333333333333333333333333331111111111111111111111111111111111111111
222222222222222222222222222222222222
333333333333333333333333333333331111111111111111111111111111111111111111
222222222222222222222222222222222222
333333333333333333333333333333331111111111111111111111111111111111111111
222222222222222222222222222222222222
333333333333333333333333333333331111111111111111111111111111111111111111
222222222222222222222222222222222222
333333333333333333333333333333331111111111111111111111111111111111111111
222222222222222222222222222222222222
333333333333333333333333333333331111111111111111111111111111111111111111
222222222222222222222222222222222222
333333333333333333333333333333331111111111111111111111111111111111111111
222222222222222222222222222222222222
333333333333333333333333333333331111111111111111111111111111111111111111
222222222222222222222222222222222222
333333333333333333333333333333331111111111111111111111111111111111111111
222222222222222222222222222222222222
333333333333333333333333333333331111111111111111111111111111111111111111
222222222222222222222222222222222222
333333333333333333333333333333331111111111111111111111111111111111111111
222222222222222222222222222222222222
333333333333333333333333333333331111111111111111111111111111111111111111
222222222222222222222222222222222222
333333333333333333333333333333331111111111111111111111111111111111111111
222222222222222222222222222222222222
333333333333333333333333333333331111111111111111111111111111111111111111
222222222222222222222222222222222222
333333333333333333333333333333331111111111111111111111111111111111111111
222222222222222222222222222222222222
333333333333333333333333333333331111111111111111111111111111111111111111
222222222222222222222222222222222222
333333333333333333333333333333331111111111111111111111111111111111111111
222222222222222222222222222222222222
333333333333333333333333333333331111111111111111111111111111111111111111
222222222222222222222222222222222222
333333333333333333333333333333331111111111111111111111111111111111111111
222222222222222222222222222222222222
333333333333333333333333333333331111111111111111111111111111111111111111
222222222222222222222222222222222222
333333333333333333333333333333331111111111111111111111111111111111111111
222222222222222222222222222222222222
333333333333333333333333333333331111111111111111111111111111111111111111
222222222222222222222222222222222222
333333333333333333333333333333331111111111111111111111111111111111111111
222222222222222222222222222222222222
333333333333333333333333333333331111111111111111111111111111111111111111
222222222222222222222222222222222222
333333333333333333333333333333331111111111111111111111111111111111111111
222222222222222222222222222222222222
333333333333333333333333333333331111111111111111111111111111111111111111
222222222222222222222222222222222222
333333333333333333333333333333331111111111111111111111111111111111111111
222222222222222222222222222222222222
333333333333333333333333333333331111111111111111111111111111111111111111
222222222222222222222222222222222222
333333333333333333333333333333331111111111111111111111111111111111111111
222222222222222222222222222222222222
333333333333333333333333333333331111111111111111111111111111111111111111
222222222222222222222222222222222222
333333333333333333333333333333331111111111111111111111111111111111111111
222222222222222222222222222222222222
333333333333333333333333333333331111111111111111111111111111111111111111
222222222222222222222222222222222222
333333333333333333333333333333331111111111111111111111111111111111111111
222222222222222222222222222222222222
333333333333333333333333333333331111111111111111111111111111111111111111
222222222222222222222222222222222222
333333333333333333333333333333331111111111111111111111111111111111111111
222222222222222222222222222222222222
333333333333333333333333333333331111111111111111111111111111111111111111
222222222222222222222222222222222222
333333333333333333333333333333331111111111111111111111111111111111111111
222222222222222222222222222222222222
333333333333333333333333333333331111111111111111111111111111111111111111
222222222222222222222222222222222222
333333333333333333333333333333331111111111111111111111111111111111111111
222222222222222222222222222222222222
333333333333333333333333333333331111111111111111111111111111111111111111
222222222222222222222222222222222222
333333333333333333333333333333331111111111111111111111111111111111111111
222222222222222222222222222222222222
333333333333333333333333333333331111111111111111111111111111111111111111
222222222222222222222222222222222222
333333333333333333333333333333331111111111111111111111111111111111111111
222222222222222222222222222222222222
333333333333333333333333333333331111111111111111111111111111111111111111
222222222222222222222222222222222222
333333333333333333333333333333331111111111111111111111111111111111111111
222222222222222222222222222222222222
333333333333333333333333333333331111111111111111111111111111111111111111
222222222222222222222222222222222222
333333333333333333333333333333331111111111111111111111111111111111111111
222222222222222222222222222222222222
333333333333333333333333333333331111111111111111111111111111111111111111
222222222222222222222222222222222222
333333333333333333333333333333331111111111111111111111111111111111111111
222222222222222222222222222222222222
333333333333333333333333333333331111111111111111111111111111111111111111
222222222222222222222222222222222222
333333333333333333333333333333331111111111111111111111111111111111111111
222222222222222222222222222222222222
333333333333333333333333333333331111111111111111111111111111111111111111
222222222222222222222222222222222222
333333333333333333333333333333331111111111111111111111111111111111111111
222222222222222222222222222222222222
333333333333333333333333333333331111111111111111111111111111111111111111
222222222222222222222222222222222222
333333333333333333333333333333331111111111111111111111111111111111111111
222222222222222222222222222222222222
333333333333333333333333333333331111111111111111111111111111111111111111
222222222222222222222222222222222222
333333333333333333333333333333331111111111111111111111111111111111111111
222222222222222222222222222222222222
333333333333333333333333333333331111111111111111111111111111111111111111
222222222222222222222222222222222222
333333333333333333333333333333331111111111111111111111111111111111111111
222222222222222222222222222222222222
33333333333333333333333333333333